10 8 9 7 5 6 13 12 4 3 2 11 1
3
5.75
13
1 5 11.5 12.5 11.5 13.5 12.5 13.5 11.5 14.5 12.5 14.5 .2 .5 .1 .15 .05
2 4 14.5 11.5 15.5 11.5 14.5 12.5 15.5 12.5 .25 .3 .16 .29
3 6 17.5 13.5 18.5 13.5 17.5 14.5 18.5 14.5 17.5 15.5 18.5 15.5 .2 .3 .1 .1 .15 .15
4 4 14.5 17.5 15.5 17.5 14.5 18.5 15.5 18.5 .25 .35 .25 .15
5 5 10.5 19.5 11.5 19.5 12.5 19.5 11.5 20.5 12.5 20.5 .16 .18 .14 .3 .22
6 4 14.5 20.5 15.5 20.5 14.5 21.5 15.5 21.5 .6 .2 .1 .1
7 3 18.5 19.5 19.5 19.5 20.5 19.5 .55 .25 .2
8 4 18.5 8.5 19.5 8.5 18.5 9.5 19.5 9.5 .25 .36 .14 .25
9 3 14.5 8.5 15.5 8.5 16.5 8.5 .7 .15 .15
10 5 11.5 8.5 12.5 8.5 11.5 9.5 13.5 9.5 14.5 10.5 .18 .24 .34 .1 .14
11 2  13.5 14.5 13.5 15.5 0.6 0.4
12 2  17.5 10.5 17.5 11.5 0.5 0.5
13 2 16.5 18.5 16.5 19.5 0.7 0.3
1 2 3 4 5 6 7 8 9 10
11 2
1 11
4 11
4 13
2 3
7 13
4 6
5 6
2 9
2 12
12 8
9 10