1 2 3 12 10 11 9 8 6 4 5 7
6
6
12
1 8 2.5 3.5 3.5 3.5 4.5 3.5 5.5 3.5 2.5 4.5 3.5 4.5 4.5 4.5 5.5 4.5 0.2 0.3 0.15 0.05 0.07 0.15 0.05 0.03
2 5 0.5 12.5 1.5 12.5 2.5 12.5 3.5 12.5 4.5 12.5 0.13 0.22 0.05 0.4 0.2
3 6 6.5 17.5 6.5 18.5 7.5 18.5 8.5 18.5 8.5 17.5 8.5 16.5 0.24 0.13 0.11 0.07 0.22 0.23
4 5 7.5 10.5 8.5 10.5 9.5 10.5 10.5 10.5 7.5 11.5 0.25 0.2 0.15 0.28 0.12
5 4 11.5 13.5 12.5 13.5 13.5 13.5 14.5 13.5 0.3 0.16 0.24 0.3
6 4 14.5 4.5 15.5 3.5 16.5 3.5 17.5 4.5 0.37 0.22 0.31 0.1
7 3 16.5 10.5 17.5 10.5 18.5 10.5 0.5 0.2 0.3
8 5 20.5 12.5 21.5 12.5 22.5 12.5 23.5 11.5 23.5 13.5 0.30 0.22 0.2 0.14 0.14
9 8 18.5 20.5 19.5 19.5 20.5 19.5 21.5 10.5 18.5 21.5 19.5 18.5 19.5 18.5 20.5 19.5 0.1 0.13 0.07 0.12 0.08 0.2 0.1 0.2
10 2 25.5 3.5 27.5 3.5 0.7 0.3
11 3 21.5 11.5 22.5 11.5 24.5 12.5 0.3 0.2 0.5
12 5 28.5 16.5 29.5 15.5 30.5 15.5 32.5 16.5 33.5 16.5 0.34 0.13 0.13 0.3 0.1
1 2 3 4 5 6 7 8 9 10 11 12
1 2
1 4
2 4
4 3
2 3
1 3
4 5
3 5
2 5
4 6
5 6
3 6
6 7
5 7
4 7
7 8
5 8
6 8
8 9
5 9
7 9
8 11
9 11
7 11
8 10
11 10
9 10
11 12
9 12
8 12