1 6 5 7 8 9 2 3 4
8.5
9
1 6 1.5 8.5 2.5 8.5 1.5 10.5 2.5 10.5 1.5 11.5 2.5 11.5 0.1 0.2 0.15 0.2 0.3 0.05
2 6 6.5 4.5 7.5 4.5 6.5 5.5 7.5 5.5 6.5 6.5 7.5 6.5 0.1 0.3 0.2 0.1 0.1 0.2
3 4 6.5 14.5 7.5 14.5 6.5 15.5 7.5 15.5 0.4 0.2 0.1 0.3
4 4 13.5 10.5 14.5 10.5 13.5 11.5 14.5 11.5 0.4 0.3 0.2 0.1
5 5 13.5 18.5 14.5 18.5 13.5 19.5 14.5 19.5 15.5 19.5 0.2 0.3 0.2 0.1 0.2
6 4 20.5 14.5 21.5 14.5 20.5 15.5 21.5 15.5 0.2 0.3 0.1 0.4
7 6 23.5 10.5 24.5 10.5 25.5 10.5 23.5 11.5 24.5 11.5 25.5 11.5 0.1 0.5 0.1 0.1 0.1 0.1
8 5 21.5 2.5 20.5 4.5 21.5 4.5 20.5 5.5 21.5 5.5 0.1 0.1 0.15 0.25 0.2
9 5 13.5 1.5 14.5 1.5 15.5 1.5 13.5 2.5 14.5 2.5 0.2 0.1 0.3 0.3 0.1
1 2 3 4 5 6 7 8 9
1 2
1 3
1 4
2 9
2 8
2 4
2 5
2 3
3 9
3 4
3 5
3 6
4 5
4 6
4 7
4 8
4 9
5 6
7 8
7 9
8 9