1 8 4 6 5 2 9 3 7
9
9
1 4 0.5 0.5 1.5 0.5 0.5 1.5 1.5 1.5 0.75 0.05 0.13 0.07
2 4 0.5 10.5 1.5 10.5 0.5 11.5 1.5 11.5 0.35 0.25 0.19 0.21
3 4 6.5 5.5 7.5 5.5 6.5 6.5 7.5 6.5 0.28 0.27 0.25 0.2
4 4 0.5 24.5 1.5 24.5 0.5 25.5 1.5 25.5 0.05 0.15 0.45 0.35
5 4 0.5 17.5 1.5 17.5 0.5 18.5 1.5 18.5 0.5 0.2 0.2 0.1
6 4 9.5 21.5 10.5 21.5 9.5 22.5 10.5 22.5 0.15 0.25 0.05 0.55
7 4 13.5 12.5 14.5 12.5 13.5 13.5 14.5 13.5 .75 0.15 0.05 0.05 
8 4 2.5 3.5 3.5 3.5 2.5 4.5 3.5 4.5 0.3 0.4 0.15 0.15
9 4 8.5 14.5 9.5 14.5 8.5 15.5 9.5 15.5 0.16 0.14 0.3 0.4
1 2 3 4 5 6 7 8 9
1 8
8 3
2 8
2 9 
5 9
5 6
4 5
7 9
1 3
2 3
3 9
3 7
2 5
6 9
4 6
1 2
8 9
2 7
3 5
2 6
4 9
