1 3 2 4 5 6 7
5
5
7
1 4 0.5 0.5 1.5 0.5 0.5 1.5 1.5 1.5 0.75 0.05 0.13 0.07
2 4 0.5 7.5 1.5 7.5 0.5 8.5 1.5 8.5 0.35 0.25 0.19 0.21
3 4 6.5 5.5 7.5 5.5 6.5 6.5 7.5 6.5 0.28 0.27 0.25 0.2
4 4 6.5 8.5 7.5 8.5 6.5 9.5 7.5 9.5 0.28 0.27 0.25 0.2
5 4 0.5 10.5 1.5 10.5 0.5 11.5 1.5 11.5 0.28 0.27 0.25 0.2
6 5 7.5 10.5 8.5 10.5 9.5 10.5 7.5 11.5 8.5 11.5 0.2 0.22 0.15 0.2 0.23
7 5 0.5 12.5 1.5 12.5 2.5 12.5 0.5 13.5 1.5 13.5 0.25 0.2 0.15 0.3 0.1
1 7 2 5 3 4 6
1 2
1 3
2 3
2 4
3 4
2 5
5 4
5 6
4 6
5 7
6 7
1 4
5 3
2 6
4 7