10 8 9 7 5 6 4 3 2 1
5
4
10
1 4 11.5 12.5 11.5 13.5 12.5 13.5 11.5 14.5 .25 .25 .25 .25
2 4 14.5 11.5 15.5 11.5 14.5 12.5 15.5 12.5 .25 .25 .25 .25
3 4 17.5 13.5 18.5 13.5 17.5 14.5 18.5 14.5 .25 .25 .25 .25 
4 4 14.5 17.5 15.5 17.5 14.5 18.5 15.5 18.5 .25 .25 .25 .25
5 4 10.5 19.5 11.5 19.5 12.5 19.5 11.5 20.5 .25 .25 .25 .25 
6 4 14.5 20.5 15.5 20.5 14.5 21.5 15.5 21.5 .25 .25 .25 .25
7 4 18.5 19.5 19.5 19.5 20.5 19.5 18.5 20.5 .25 .25 .25 0.25
8 4 18.5 8.5 19.5 8.5 18.5 9.5 19.5 9.5 .25 .25 .25 .25
9 4 14.5 8.5 15.5 8.5 16.5 8.5 16.5 9.5 .25 .25 .25 0.25
10 4 11.5 8.5 12.5 8.5 11.5 9.5 13.5 9.5 .25 .25 .25 .25
1 2 3 4 5 6 7 8 9 10
1 2
1 3
2 3
1 4
3 4
2 4
1 9
2 9
3 9
1 10
9 10
2 10
9 8
2 8
3 8
3 6
4 6
1 6
6 7
5 6
3 7
4 7
4 5
3 5